// Experience Tables [Renewal]
// Supports up to base level 1000 and job level 255 (excluding Novice/High Novice).
//
// Structure of Database:
// Max Level,Class list,Type,Exp for Lv 1,2,3,4,5,6,7,8,9,10,11,12,13,14,15,16,17,18,19,20,21,22,23,24,25,26,27,28,29,30,31,32,33,34,35,36,37,38,39,40,41,42,43,44,45,46,47,48,49,50,51,52,53,54,55,56,57,58,59,60,61,62,63,64,65,66,67,68,69,70,71,72,73,74,75,76,77,78,79,80,81,82,83,84,85,86,87,88,89,90,91,92,93,94,95,96,97,98
//
// Type:
//	0 = Base Exp, 1 = Job Exp

//Base - 3rd Jobs & Baby 3rds 
//Modified 1.5x for lv 151 - 175
175,4054:4055:4056:4057:4058:4059:4060:4061:4062:4063:4064:4065:4066:4067:4068:4069:4070:4071:4072:4073:4074:4075:4076:4077:4078:4079:4080:4081:4082:4083:4084:4085:4086:4087:4096:4097:4098:4099:4100:4101:4102:4103:4104:4105:4106:4107:4108:4109:4110:4111:4112,0,420,660,1080,1800,2640,3840,4560,5040,5460,6000,6600,7200,7320,7620,8040,8820,9600,10080,10560,11040,12610,13390,14300,15340,16900,18460,19500,20800,22100,23400,24700,26000,27300,28600,30160,31200,33800,35750,37700,39000,44100,46200,47600,50400,52500,53200,56000,58800,62300,65800,68600,71400,74200,77000,79800,82600,86100,88200,91000,93800,103500,105000,109500,115500,120000,126000,132000,136500,142500,165000,192000,210000,232500,244500,255000,270000,282000,292500,300000,345000,416000,480000,560000,640000,768000,880000,960000,1088000,1200000,1440000,1700000,2040000,2550000,3060000,3570000,4080000,4760000,5610000,6800000,7070000,7400000,7770000,8150000,8550000,9100000,9610000,10150000,10570000,11180000,12000000,12200000,12930000,13150000,14030000,14420000,15420000,15670000,16870000,17140000,18720000,19020000,20590000,20930000,22690000,23310000,25290000,26020000,27860000,28535000,30990000,31680000,33560000,34942000,36372000,38350000,39890000,41545000,43330000,45400000,48100000,50410000,53370000,56250000,59230000,62590000,66120000,70200000,75330000,81100000,95000000,147000000,154500000,160500000,168000000,174000000,181500000,187500000,195000000,201000000,208500000,217500000,228300000,241260000,256800000,287895000,303435000,322080000,344460000,371325000,425055000,451920000,484155000,522840000,569250000,662085000

//Job - 3rd Jobs & Baby 3rds 
//Modified 1.5x for lv 51-61
60,4054:4055:4056:4057:4058:4059:4060:4061:4062:4063:4064:4065:4066:4067:4068:4069:4070:4071:4072:4073:4074:4075:4076:4077:4078:4079:4080:4081:4082:4083:4084:4085:4086:4087:4096:4097:4098:4099:4100:4101:4102:4103:4104:4105:4106:4107:4108:4109:4110:4111:4112,1,106000,112000,355000,615000,917000,1253000,1595000,2007000,2430000,2868000,3420000,3863000,4504000,4998000,5769000,6321000,7254000,7870000,9015000,9530000,11072000,11848000,13467000,14337000,16243000,17216000,19446000,20781000,23070000,24453000,27568000,29118000,31820000,34125000,37048000,40204000,42972000,45937000,49110000,52696000,57158000,61305000,67167000,72285000,77647000,83624000,91113000,98548000,107630000,119077000,197502000,218277000,241129500,266266500,293916000,324330000,357784500,394584000,435063000,479589000

